14.84	10.82	7.56	14.86	10.52	15.63	7.15	7.53	5.93	11.44	
10.82	16.01	8.77	2.98	12.37	9.09	5.60	9.27	12.21	10.11	
7.56	8.77	17.97	1.01	12.07	13.42	9.29	8.99	3.66	13.26	
14.86	2.98	1.01	3.44	13.44	9.00	5.66	17.00	10.13	16.44	
10.52	12.37	12.07	13.44	9.52	5.14	11.50	11.08	9.93	6.75	
15.63	9.09	13.42	9.00	5.14	2.34	1.44	9.01	9.50	13.36	
7.15	5.60	9.29	5.66	11.50	1.44	12.24	7.47	16.28	17.28	
7.53	9.27	8.99	17.00	11.08	9.01	7.47	5.09	17.99	5.45	
5.93	12.21	3.66	10.13	9.93	9.50	16.28	17.99	15.38	14.65	
11.44	10.11	13.26	16.44	6.75	13.36	17.28	5.45	14.65	16.77	
